VEHICLES: 40
DISTANCE: 9870.11
TIME_MS: 2204.4
Route 1: 329 22 357 35
Route 2: 207 168 118 65 26 180 53
Route 3: 398 295 288 375 355 204 219
Route 4: 211 276 91 324 385 34 172
Route 5: 137 185 191 261 334 33 319 208
Route 6: 333 232 40 254 221 325 262 193
Route 7: 121 245 391 136 217 270 103 28
Route 8: 71 113 265 342 230 379 61 321
Route 9: 139 96 298 322 135 99 343 12
Route 10: 250 359 142 306 304 63 259 131 182
Route 11: 89 177 181 210 39 400 117 332 58
Route 12: 269 323 44 282 125 378 187 203 36
Route 13: 316 224 226 163 300 119 105 20 310
Route 14: 196 243 179 173 352 285 308 18 126
Route 15: 10 4 380 297 190 206 114 5 347
Route 16: 143 278 381 9 275 130 7 153 14
Route 17: 127 97 266 138 123 52 170 77 277 284
Route 18: 75 307 330 151 373 56 374 49 370 159
Route 19: 368 70 175 311 37 66 240 399 38 201
Route 20: 106 252 149 31 258 366 101 237 353 43
Route 21: 346 199 264 24 30 260 320 233 362 387
Route 22: 100 87 162 82 116 64 220 183 225 202
Route 23: 95 189 50 67 205 128 369 178 120 376
Route 24: 147 312 354 19 42 68 146 160 388 257 301
Route 25: 287 255 25 73 134 145 377 281 158 290 8
Route 26: 164 313 2 165 90 360 108 314 166 154 384
Route 27: 263 51 79 29 122 292 27 303 198 94 229
Route 28: 390 197 74 326 249 112 192 351 132 365 293
Route 29: 144 92 396 340 115 367 129 267 15 327 272
Route 30: 186 213 161 238 349 318 72 140 169 361 393 85
Route 31: 383 150 317 107 141 47 242 344 3 348 133 184
Route 32: 16 239 110 345 195 279 111 109 271 1 364 291
Route 33: 104 78 392 372 148 253 251 62 6 69 41 59
Route 34: 339 302 341 11 394 382 174 294 268 86 124 231
Route 35: 93 296 256 23 76 32 214 363 209 167 358 84
Route 36: 283 156 337 228 299 200 335 371 397 45 241 17
Route 37: 194 315 328 13 223 176 248 83 81 212 60 331 273
Route 38: 155 218 171 21 395 54 274 88 215 48 336 102 98
Route 39: 389 152 286 57 246 356 305 157 350 289 280 338 234
Route 40: 222 46 55 236 247 235 309 216 227 386 244 80 188
